1 0.06800970873786408 0.42541850220264316 0.022184466019417478 0.03850220264317181
1 0.1133252427184466 0.42625550660792955 0.02796116504854369 0.040264317180616745
1 0.23390776699029128 0.4490308370044053 0.02796116504854369 0.040264317180616745
1 0.2946601941747573 0.45867841409691634 0.018325242718446603 0.03502202643171806
1 0.34626213592233007 0.4332599118942731 0.028932038834951455 0.033259911894273124
1 0.31058252427184463 0.463920704845815 0.025072815533980584 0.03149779735682819
1 0.4721359223300971 0.4612775330396475 0.02604368932038835 0.040264317180616745
1 0.4981796116504854 0.4560352422907489 0.020266990291262135 0.03678414096916299
1 0.588859223300971 0.45867841409691634 0.024101941747572814 0.03502202643171806
1 0.6968689320388349 0.47352422907488984 0.0337621359223301 0.04374449339207048
1 0.8135922330097087 0.4866519823788546 0.029902912621359225 0.04903083700440529
1 0.9134223300970873 0.4840528634361233 0.02701456310679612 0.040264317180616745
1 0.9274029126213592 0.454273127753304 0.022184466019417478 0.029779735682819383