0 0.03997566909975669 0.446599634369287 0.02781021897810219 0.0470018281535649
0 0.13468369829683696 0.4531261425959781 0.043442822384428224 0.060073126142595974
0 0.6405231143552311 0.5094698354661792 0.06186131386861314 0.10659963436928703
0 0.33697080291970805 0.43881170018281535 0.032165450121654504 0.04711151736745887
0 0.7894160583941605 0.4369652650822669 0.04948905109489051 0.07314442413162706
0 0.9086131386861314 0.4493601462522852 0.02227493917274939 0.03842778793418647
1 0.873978102189781 0.4778610603290676 0.04372262773722627 0.05082266910420476
1 0.6945620437956204 0.4611334552102377 0.051143552311435525 0.057020109689213894
1 0.24210462287104623 0.4543144424131627 0.03381995133819951 0.0309872029250457
1 0.19344282238442823 0.4369652650822669 0.030523114355231144 0.03842778793418647
1 0.007834549878345498 0.43385740402193784 0.015669099756690997 0.03471663619744058